v3.0 hex words addressed
0000: 00000 00004 00000 00000 00014 00000 00010 00015
0008: 00000 00010 00016 00000 00010 00017 00000 00010
0010: 00018 00000 00010 00019 00000 00010 0001a 00000
0018: 00010 00015 00000 00010 00016 00000 00010 00017
0020: 00000 00010 00019 00000 00010 0001a 00000 00010
0028: 00018 00000 00000 012c8 00015 00000 00000 012c8
0030: 00016 00000 00000 012c8 00017 00000 00000 012c8
0038: 00019 00000 00000 012c8 0001a 00000 00000 012c8
0040: 00018 00000 00010 00017 00000 00010 00019 00000
0048: 00010 0001a 00000 00010 00018 00000 00000 012c8
0050: 00015 00000 00000 012c8 00016 00000 00000 012c8
0058: 00017 00000 00000 012c8 00019 00000 00000 012c8
0060: 0001a 00000 00000 012c8 00018 00000 00000 020a0
0068: 02002 00000 00000 00000 04003 00000 00000 00000
0070: 00027 04003 00000 00000 020a0 00010 00000 00000
0078: 002a3 04003 00000 00000 02082 00000 00000 00000
0080: 02085 04003 00000 00000 00000 00010 00000 00000
0088: 00027 00010 00000 00000 00000 00000 002a3 00010
0090: 00000 00000 00000 00000 00000 02085 00000 00000
0098: 00111 001a1 00000 00000 00000 00027 001a1 00026
00a0: 00000 00010 001a1 00000 00000 00000 002a3 001a1
00a8: 00026 00000 00010 001a1 00000 00000 00000 02085
00b0: 001a1 00026 00000 00000 00010 00000 00000 00027
00b8: 00010 00000 00000 00000 00000 00000 002a3 00000
00c0: 00000 00000 00000 00000 00000 02085 00000 00000
00c8: 00111 01083 00000 00000 00000 00027 01083 00026
00d0: 00000 00010 01083 00000 00000 00000 002a3 01083
00d8: 00026 00000 00010 01083 00000 00000 00000 02085
00e0: 01083 00026 00000 00000 0102f 00000 00000 00000
00e8: 0102f 00000 00000 00000 0102f 00000 00000 00000
00f0: 0102f 00000 00000 00000 0102f 00000 00000 00000
00f8: 0102f 00000 00000 00000 0102f 00000 00000 00000
0100: 0102f 00000 00000 00000 0102f 00000 00000 00000
0108: 0102f 00000 00000 00000 0102f 00000 00000 00000
0110: 0102f 00000 00000 00000 0102f 00000 00000 00000
0118: 0102f 00000 00000 00000 0102f 00000 00000 00000
0120: 0102f 00000 00000 00000 0102f 00000 00000 00000
0128: 0102f 00000 00000 00000 0102f 00000 00000 00000
0130: 0102f 00000 00000 00000 0102f 00000 00000 00000
0138: 0102f 00000 00000 00000 00000 00000 00000 00000
0140: 00000 00000 00000 00000 00000 00000 00000 00000
0148: 00000 00000 00000 00000 00000 00000 00000 00000
0150: 00000 00000 00000 00000 00000 00000 00000 00000
0158: 00000 00000 00000 00000 00000 00000 00000 00000
0160: 00000 00000 00000 00000 00000 00000 00000 00000
0168: 00000 00000 00000 00067 00010 00000 00067 00010
0170: 00000 00067 00010 00000 00067 00010 00000 00067
0178: 00010 00000 00000 0102f 00000 00000 00000 0102f
0180: 00000 00000 00067 00010 00000 00067 00010 00000
0188: 00067 00010 00000 00067 00010 00000 00067 00010
0190: 00000 00000 0102f 00000 00000 00000 0102f 00000
0198: 00000 00067 00010 00000 00000 0102f 00000 00000
01a0: 00000 00000 01012 00010 00000 01012 00010 00000
01a8: 01012 00000 00000 001a2 01012 00026 00000 01082
01b0: 00000 00000 01084 01012 00026 00000 00000 00000
01b8: 01013 04003 00000 00000 00000 00000 00000 01013
01c0: 001a1 00026 00000 00000 00000 00000 01013 01083
01c8: 00026 00000 00000 01012 00000 00014 00000 00000
01d0: 00000 01012 00000 00014 00000 00000 00000 01013
01d8: 00000 01010 00000 00000 00000 00000 00000 00000
01e0: 00000 00000 00000 00000 00000 00000 00000 00000
01e8: 00000 00000 00000 00000 00000 00000 00000 00000
01f0: 00000 00000 00000 00000 00000 00000 00000 00000
01f8: 00000 00000 00000 00000 00000 00000 00000 00000
0200: 00000 00000 00000 00000 00000 00000 00000 00000
0208: 00063 00000 00000 00000 00000 00000 00000 00000
0210: 04003 00000 00000 00000 00000 00000 00012 01003
0218: 0001b 00000 00000 00000 01012 0007a 00000 00028
0220: 00000 00000 00000